76 76 38 29
91 91 22 8
75 75 42 24
72 72 45 24
94 94 28 6
92 92 35 6
70 70 42 35
68 68 46 33
74 74 56 33
78 78 38 25
108 108 22 0
92 92 28 16
108 108 27 0
82 82 40 25
84 84 43 18
84 84 41 25
106 106 29 0
104 104 29 0
100 100 36 6
110 110 28 0
74 74 42 36
98 98 28 10
87 87 34 17
80 80 37 27
103 103 23 5
90 90 39 20
67 67 57 43
93 93 45 11
99 99 42 11
92 92 36 14
99 99 43 8
106 106 39 1
104 104 37 5
78 78 49 33
104 104 39 7
90 90 34 15
104 104 25 2
106 106 26 0
102 102 31 4
100 100 26 2
80 80 38 29
67 67 48 45
102 102 35 0
104 104 28 0
86 86 36 20
72 72 46 32
78 78 39 26
90 90 34 14
96 96 32 7
106 106 28 0
110 110 19 0
99 99 46 1
94 94 32 16
101 101 31 4
88 88 38 16
78 78 42 36
98 98 31 13
74 74 41 39
92 92 38 17
80 80 42 33
100 100 33 7
94 94 35 12
92 92 38 19
75 75 55 34
88 88 47 19
110 110 44 0
82 82 52 25
100 100 33 11
110 110 29 0
110 110 27 2
88 88 37 18
92 92 36 9
105 105 31 0
92 92 36 10
100 100 28 2
106 106 18 0
108 108 18 0
104 104 18 0
102 102 22 0
106 106 21 0
90 90 33 0
88 88 31 0
90 90 30 0
82 82 36 0
90 90 29 0
104 104 27 0
110 110 25 0
94 94 29 0
78 78 37 3
80 80 40 11
72 72 38 18
78 78 45 10
84 84 39 0
82 82 41 7
80 80 35 5
88 88 38 0
98 98 32 0
80 80 36 9
96 96 31 0
96 96 21 0
88 88 30 0
92 92 37 0
96 96 27 0
102 102 27 0
88 88 32 1
96 96 31 3
98 98 31 0
96 96 23 0
97 97 22 4
90 90 26 0
92 92 39 3
92 92 32 1
94 94 28 5
86 86 34 12
86 86 38 7
102 102 27 0
91 91 23 0
103 103 23 0
104 104 7 0
104 104 26 2
98 98 34 5
94 94 30 10
94 94 32 5
96 96 32 3
90 90 30 5
86 86 31 11
82 82 36 13
82 82 32 11
98 98 24 0
106 106 22 0
88 88 29 3
94 94 23 3
82 82 29 14
86 86 29 12
98 98 20 0
80 80 35 9
86 86 29 9
102 102 18 0
82 82 34 1
98 98 18 0
68 68 43 20
66 66 49 20
66 66 49 18
80 80 35 17
56 56 50 29
64 64 43 24
66 66 43 9
79 79 36 4
68 68 36 12
78 78 27 3
90 90 23 3
80 80 42 11
100 100 24 2
64 64 41 20
82 82 27 11
96 96 28 3
108 108 18 0
78 78 33 11
73 73 43 13
74 74 43 11
75 75 53 30
90 90 30 8
84 84 37 26
98 98 25 8
94 94 38 22
91 91 31 9
85 85 41 2
90 90 35 0
71 71 48 15
60 60 63 14
56 56 47 23
82 82 34 10
57 57 47 30
50 50 50 35
74 74 31 5
84 84 46 8
75 75 47 23
63 63 56 40
94 94 60 0
90 90 40 10
90 90 32 7
68 68 44 19
94 94 28 8
55 55 53 49
78 78 40 29
98 98 32 0
64 64 53 25
94 94 41 0
50 50 64 50
98 98 38 0
66 66 46 31
92 92 32 0
51 51 59 52
46 46 58 60
92 92 35 0
72 72 47 26
100 100 27 5
68 68 47 29
56 56 50 46
102 102 30 0
