74 74 93 32
71 71 83 52
102 102 67 15
92 92 145 49
97 97 98 28
93 93 41 28
113 113 60 36
83 83 21 26
105 105 44 6
121 121 5 20
113 113 86 22
137 137 138 2
102 102 6 51
96 96 119 1
102 102 119 0
123 123 88 70
183 183 30 7
159 159 2 31
161 161 53 69
202 202 47 24
110 110 172 62
177 177 79 32
122 122 0 72
118 118 6 39
132 132 64 13
144 144 82 3
120 120 26 30
163 163 1 15
181 181 1 7
118 118 0 18
182 182 0 17
187 187 66 24
147 147 6 90
133 133 16 101
126 126 58 79
116 116 0 102
145 145 50 56
144 144 30 29
122 122 1 37
138 138 81 38
153 153 133 37
132 132 138 69
119 119 152 67
146 146 132 80
219 219 81 15
81 81 141 58
110 110 117 56
91 91 2 56
122 122 134 91
113 113 132 99
132 132 112 30
184 184 83 3
116 116 119 48
203 203 87 4
125 125 21 56
147 147 167 41
140 140 177 63
130 130 116 59
156 156 152 22
138 138 160 18
122 122 150 57
177 177 115 20
92 92 115 54
126 126 128 39
94 94 1 3
85 85 156 103
112 112 102 85
130 130 172 83
136 136 157 86
140 140 119 85
105 105 97 36
72 72 24 0
68 68 37 1
64 64 87 36
106 106 113 37
