98 98 147 38
98 98 148 18
85 85 98 17
88 88 87 20
85 85 108 23
80 80 64 58
102 102 36 44
77 77 73 79
103 103 64 60
125 125 21 35
116 116 60 33
154 154 165 11
113 113 137 38
113 113 88 42
153 153 140 10
192 192 8 28
171 171 105 63
192 192 55 42
148 148 2 66
151 151 36 72
198 198 94 4
150 150 0 12
140 140 180 7
132 132 168 16
130 130 70 11
90 90 93 57
124 124 0 44
203 203 116 14
164 164 110 38
125 125 0 42
115 115 72 97
149 149 0 63
154 154 31 79
155 155 0 83
152 152 45 89
216 216 46 0
154 154 92 35
141 141 96 54
129 129 0 34
141 141 0 33
190 190 107 23
170 170 113 46
176 176 123 55
186 186 126 37
174 174 142 62
108 108 126 72
148 148 119 76
98 98 100 87
99 99 7 57
137 137 124 70
189 189 68 33
121 121 102 55
215 215 78 15
126 126 51 40
170 170 96 39
172 172 147 22
198 198 122 2
116 116 163 54
138 138 167 62
79 79 220 104
130 130 131 44
208 208 87 18
145 145 110 35
195 195 89 17
126 126 132 50
173 173 92 58
122 122 123 78
111 111 139 87
154 154 118 74
126 126 149 77
141 141 103 28
100 100 53 52
126 126 96 43
126 126 99 38
110 110 79 37
