91 91 35 13
99 99 44 5
99 99 38 9
83 83 44 24
93 93 45 3
89 89 40 15
74 74 47 33
85 85 44 20
73 73 45 30
89 89 48 9
91 91 57 24
95 95 37 11
109 109 32 0
109 109 29 7
95 95 42 18
85 85 44 32
94 94 42 11
81 81 48 28
91 91 48 18
114 114 40 3
89 89 38 18
67 67 50 39
93 93 43 11
77 77 48 30
81 81 46 20
81 81 42 32
99 99 43 14
73 73 54 41
81 81 48 26
101 101 41 11
89 89 52 24
73 73 58 40
93 93 49 18
77 77 55 28
91 91 46 18
81 81 45 13
89 89 45 19
87 87 46 20
89 89 45 20
83 83 54 32
91 91 44 14
73 73 56 37
95 95 43 5
77 77 52 31
94 94 38 10
85 85 49 20
87 87 46 21
73 73 52 27
91 91 41 10
99 99 39 8
77 77 46 19
81 81 43 13
93 93 38 11
101 101 56 3
59 59 67 45
87 87 44 24
81 81 46 28
71 71 56 41
77 77 55 37
89 89 53 17
85 85 59 21
81 81 65 29
73 73 72 37
83 83 68 17
77 77 65 35
71 71 63 32
73 73 65 42
77 77 65 32
60 60 71 47
80 80 60 25
81 81 46 24
77 77 54 30
77 77 52 32
71 71 65 36
67 67 53 43
93 93 32 9
93 93 33 7
97 97 34 1
95 95 30 10
97 97 33 9
77 77 40 17
85 85 37 19
95 95 39 6
89 89 42 9
77 77 44 11
91 91 43 9
77 77 50 15
88 88 49 5
93 93 38 5
85 85 42 13
85 85 40 19
97 97 32 7
85 85 40 17
79 79 40 19
69 69 48 17
87 87 40 13
79 79 45 17
81 81 41 15
89 89 41 11
95 95 41 4
81 81 41 20
83 83 39 16
85 85 44 12
81 81 38 18
89 89 38 14
87 87 37 5
91 91 38 7
101 101 35 2
95 95 45 0
95 95 40 9
85 85 44 13
91 91 45 8
77 77 51 8
81 81 45 7
87 87 38 6
83 83 39 20
77 77 56 26
87 87 31 16
99 99 36 11
91 91 40 15
93 93 32 5
81 81 42 13
83 83 39 15
77 77 42 17
80 80 43 18
75 75 41 13
75 75 43 19
73 73 45 15
77 77 46 17
77 77 46 15
79 79 44 20
85 85 31 16
87 87 33 9
77 77 39 21
73 73 37 23
87 87 42 6
77 77 41 15
73 73 44 12
91 91 38 15
77 77 50 21
71 71 37 17
89 89 31 11
65 65 45 17
69 69 45 17
79 79 39 9
65 65 43 19
61 61 41 35
85 85 28 17
53 53 50 41
61 61 47 27
91 91 33 4
77 77 37 16
101 101 29 4
67 67 49 43
83 83 35 25
85 85 35 13
77 77 43 22
95 95 35 10
69 69 41 35
75 75 37 15
99 99 49 15
81 81 66 35
81 81 48 20
77 77 78 26
59 59 69 45
85 85 44 11
77 77 44 13
95 95 42 2
71 71 67 23
77 77 52 15
71 71 50 23
45 45 57 49
40 40 60 68
87 87 35 9
93 93 33 7
67 67 61 36
81 81 70 13
65 65 52 38
51 51 74 54
71 71 44 30
75 75 48 28
86 86 46 14
59 59 54 22
77 77 50 15
97 97 39 4
89 89 43 10
45 45 66 47
95 95 43 4
71 71 59 34
65 65 61 50
99 99 39 4
95 95 43 8
53 53 69 50
93 93 44 5
65 65 63 35
101 101 35 6
99 99 34 7
81 81 44 26
105 105 20 4
77 77 44 28
