87 87 37 19
77 77 45 29
77 77 43 35
99 99 37 3
87 87 39 17
95 95 35 10
73 73 50 35
103 103 36 5
77 77 59 24
77 77 47 30
93 93 44 20
76 76 50 35
79 79 41 30
101 101 33 12
84 84 37 19
95 95 45 14
105 105 43 9
83 83 55 31
99 99 45 7
87 87 49 24
81 81 60 22
81 81 61 22
87 87 53 16
91 91 42 14
77 77 55 28
85 85 40 22
73 73 52 28
67 67 58 41
92 92 39 21
94 94 43 13
77 77 52 37
87 87 44 14
67 67 58 43
89 89 40 24
77 77 50 26
87 87 35 18
97 97 29 14
87 87 31 24
85 85 37 26
79 79 39 33
85 85 38 26
77 77 50 33
103 103 44 11
81 81 48 28
107 107 36 6
92 92 35 21
113 113 31 0
84 84 46 26
103 103 36 14
103 103 38 12
77 77 55 36
85 85 51 28
109 109 43 5
95 95 42 16
83 83 59 35
69 69 51 49
89 89 40 26
73 73 54 45
87 87 42 30
99 99 34 18
99 99 38 17
101 101 36 15
89 89 40 25
79 79 46 35
89 89 46 27
88 88 52 29
95 95 47 20
81 81 53 35
95 95 47 22
101 101 43 15
99 99 49 18
75 75 79 30
93 93 55 19
75 75 85 29
81 81 79 26
99 99 27 4
99 99 29 4
99 99 35 8
111 111 29 8
111 111 29 4
95 95 33 16
82 82 45 15
92 92 44 10
89 89 36 8
89 89 36 10
92 92 42 6
101 101 33 10
97 97 40 8
99 99 35 6
97 97 37 14
93 93 33 5
87 87 35 13
81 81 39 15
77 77 43 17
87 87 37 11
85 85 39 15
87 87 42 16
91 91 39 10
95 95 37 5
95 95 42 12
85 85 40 15
82 82 48 16
97 97 34 10
89 89 39 13
99 99 34 8
101 101 28 6
103 103 29 4
109 109 31 0
101 101 30 2
105 105 30 4
95 95 38 12
97 97 34 9
93 93 40 9
89 89 35 16
97 97 29 9
97 97 27 10
91 91 41 14
93 93 33 18
99 99 23 8
87 87 43 12
91 91 38 17
95 95 38 11
101 101 26 15
99 99 30 13
99 99 29 12
87 87 37 18
79 79 42 20
103 103 30 0
91 91 40 11
103 103 33 6
77 77 28 26
81 81 31 19
99 99 25 11
89 89 30 18
77 77 26 28
97 97 35 8
101 101 33 10
98 98 34 7
109 109 25 4
92 92 35 12
83 83 38 19
99 99 28 9
68 68 42 24
91 91 29 13
73 73 33 26
71 71 39 25
64 64 42 29
99 99 18 4
69 69 34 21
59 59 45 33
87 87 37 21
105 105 23 0
73 73 38 31
76 76 41 24
77 77 28 27
101 101 25 17
81 81 37 23
107 107 26 4
73 73 37 36
73 73 45 35
93 93 60 20
113 113 40 6
81 81 70 35
71 71 72 47
102 102 52 17
81 81 37 16
81 81 42 16
93 93 44 11
81 81 48 19
95 95 39 7
75 75 50 25
58 58 53 40
47 47 58 47
48 48 56 55
91 91 31 13
81 81 46 33
91 91 46 14
105 105 34 5
85 85 56 31
105 105 42 2
99 99 38 4
93 93 37 9
59 59 49 34
73 73 43 10
95 95 31 11
85 85 51 24
65 65 80 47
101 101 38 14
71 71 85 38
101 101 53 15
96 96 42 13
73 73 67 39
103 103 34 1
79 79 53 37
65 65 58 49
107 107 36 4
77 77 63 30
107 107 27 6
81 81 61 37
111 111 22 4
