83 83 117 49
96 96 102 35
97 97 68 35
89 89 103 34
86 86 105 24
98 98 97 30
160 160 74 9
139 139 74 21
148 148 74 2
172 172 77 3
94 94 113 62
146 146 91 47
101 101 102 90
137 137 153 36
118 118 96 58
130 130 58 56
147 147 60 36
172 172 29 68
151 151 6 40
178 178 40 61
139 139 137 39
139 139 177 31
150 150 46 55
146 146 174 48
154 154 86 56
154 154 123 37
153 153 167 34
132 132 0 28
142 142 0 38
187 187 85 19
229 229 87 7
202 202 0 20
217 217 34 17
213 213 16 18
216 216 0 14
231 231 38 6
160 160 81 0
157 157 35 19
140 140 75 32
152 152 0 51
240 240 29 0
234 234 86 0
239 239 69 0
192 192 74 30
192 192 127 23
140 140 136 54
134 134 134 78
115 115 119 71
144 144 110 59
197 197 123 18
143 143 144 43
169 169 107 42
129 129 111 35
197 197 108 36
126 126 115 56
139 139 168 47
178 178 142 47
115 115 195 87
134 134 186 77
103 103 167 87
167 167 153 30
160 160 102 42
99 99 134 66
131 131 125 66
115 115 127 66
129 129 130 86
126 126 134 76
163 163 156 76
138 138 169 84
166 166 154 64
157 157 91 25
167 167 75 16
119 119 105 38
115 115 104 36
115 115 92 33
