115 115 120 3
129 129 95 10
85 85 178 55
85 85 156 51
99 99 125 30
156 156 81 19
133 133 60 39
145 145 92 12
118 118 83 20
145 145 51 31
111 111 157 33
99 99 68 56
83 83 88 45
111 111 133 21
129 129 114 21
133 133 88 67
130 130 0 44
139 139 40 65
140 140 1 62
186 186 76 52
122 122 26 64
156 156 151 55
151 151 144 60
145 145 1 62
169 169 98 38
234 234 66 3
153 153 22 33
183 183 18 0
190 190 129 21
185 185 120 27
170 170 38 62
169 169 57 64
168 168 56 69
166 166 37 66
174 174 139 60
174 174 6 3
135 135 112 -1
132 132 100 24
148 148 44 2
130 130 150 31
168 168 134 43
154 154 124 59
154 154 110 70
194 194 91 46
227 227 24 11
159 159 108 49
109 109 117 80
110 110 126 103
115 115 15 66
130 130 132 48
179 179 73 34
124 124 81 56
185 185 100 32
165 165 61 39
237 237 71 2
136 136 184 33
113 113 174 90
81 81 118 95
129 129 155 75
128 128 142 48
126 126 152 70
113 113 162 77
145 145 138 44
98 98 151 65
122 122 132 53
165 165 155 75
163 163 157 76
145 145 146 81
126 126 158 85
134 134 149 77
70 70 78 63
143 143 83 17
121 121 105 27
123 123 121 31
123 123 123 31
