93 93 34 18
109 109 20 6
75 75 46 38
111 111 22 0
95 95 36 9
115 115 27 0
89 89 42 18
109 109 25 0
79 79 43 30
105 105 27 3
99 99 34 11
78 78 44 35
109 109 26 6
107 107 31 2
83 83 50 22
109 109 37 5
83 83 45 28
117 117 39 0
97 97 46 15
97 97 54 14
81 81 46 23
78 78 47 25
109 109 33 0
77 77 59 26
106 106 33 0
65 65 54 43
87 87 40 20
73 73 52 35
99 99 30 17
73 73 50 41
89 89 46 24
77 77 51 40
89 89 53 26
101 101 36 12
77 77 47 37
107 107 23 1
99 99 27 7
87 87 40 29
109 109 28 0
105 105 28 0
99 99 31 11
71 71 50 37
71 71 48 39
95 95 38 11
83 83 50 18
105 105 38 7
95 95 40 17
113 113 30 0
93 93 50 18
113 113 35 0
77 77 59 33
111 111 28 2
82 82 54 32
106 106 43 10
83 83 62 34
73 73 45 35
89 89 37 23
97 97 37 17
61 61 55 51
77 77 43 33
91 91 43 22
99 99 40 11
91 91 50 21
107 107 32 7
103 103 41 11
77 77 53 37
85 85 47 28
85 85 57 25
87 87 48 25
103 103 48 11
95 95 50 17
99 99 55 15
87 87 47 24
71 71 71 42
73 73 63 33
105 105 32 5
107 107 24 5
93 93 32 13
105 105 24 0
105 105 38 0
99 99 37 3
93 93 34 10
87 87 32 15
95 95 41 1
95 95 31 8
93 93 42 5
95 95 41 7
81 81 51 11
77 77 48 12
97 97 46 0
103 103 25 0
99 99 28 4
103 103 31 0
91 91 31 0
104 104 33 0
97 97 34 4
99 99 34 2
95 95 31 3
105 105 29 3
89 89 39 5
97 97 33 0
95 95 33 0
99 99 34 4
93 93 35 4
97 97 28 3
105 105 30 0
115 115 29 0
97 97 40 6
89 89 41 7
99 99 33 5
87 87 37 11
95 95 33 11
99 99 31 7
105 105 26 1
101 101 25 7
105 105 29 0
97 97 36 0
81 81 34 12
89 89 37 11
101 101 23 0
105 105 33 8
103 103 27 4
109 109 25 6
107 107 22 1
93 93 33 10
97 97 37 7
97 97 39 11
103 103 34 2
85 85 40 16
107 107 28 0
82 82 36 17
93 93 32 13
85 85 32 24
77 77 40 24
99 99 27 6
97 97 35 12
89 89 34 7
95 95 36 11
75 75 41 18
91 91 39 11
77 77 34 20
87 87 33 4
101 101 26 0
77 77 34 14
77 77 38 12
77 77 36 10
73 73 42 16
91 91 30 6
63 63 48 22
67 67 42 22
85 85 40 12
85 85 36 18
85 85 40 14
85 85 36 12
79 79 38 18
71 71 40 30
95 95 34 8
73 73 40 24
91 91 30 20
69 69 44 28
85 85 48 28
71 71 80 42
103 103 36 2
91 91 46 12
117 117 32 0
91 91 32 6
77 77 40 20
107 107 24 0
87 87 36 18
77 77 44 14
71 71 46 22
61 61 50 36
61 61 50 28
83 83 40 10
91 91 36 10
79 79 48 18
79 79 48 14
79 79 50 20
67 67 66 28
83 83 42 18
73 73 48 28
75 75 48 26
85 85 42 16
63 63 48 26
53 53 56 40
111 111 32 4
73 73 68 42
77 77 62 28
107 107 44 6
103 103 30 14
87 87 42 22
109 109 24 0
67 67 54 46
101 101 38 0
117 117 30 0
101 101 42 6
81 81 46 34
109 109 34 0
111 111 30 0
93 93 50 20
