98 98 143 25
85 85 84 7
147 147 72 50
131 131 124 40
148 148 153 75
95 95 0 40
135 135 15 31
157 157 16 29
174 174 0 2
157 157 14 15
115 115 48 34
132 132 116 24
172 172 77 2
186 186 55 7
113 113 79 59
178 178 116 60
176 176 67 60
182 182 60 52
235 235 3 0
192 192 34 36
160 160 144 21
217 217 96 12
165 165 86 50
141 141 20 46
160 160 131 54
162 162 106 17
215 215 103 0
119 119 0 34
184 184 128 13
123 123 0 50
166 166 72 45
161 161 40 54
169 169 0 57
159 159 25 59
147 147 51 92
234 234 26 0
207 207 34 0
220 220 0 0
230 230 0 5
208 208 0 10
203 203 99 10
214 214 72 0
202 202 91 33
210 210 66 25
204 204 100 32
128 128 117 39
124 124 124 73
87 87 124 72
131 131 169 69
138 138 173 61
192 192 111 1
218 218 100 15
144 144 124 41
162 162 1 13
235 235 69 1
149 149 143 38
145 145 120 52
104 104 111 88
130 130 168 63
154 154 161 56
172 172 95 43
146 146 81 60
142 142 105 64
151 151 117 58
149 149 120 60
150 150 129 54
158 158 157 52
134 134 185 80
108 108 130 89
140 140 126 79
169 169 94 7
166 166 103 6
116 116 112 38
147 147 112 20
143 143 112 30
