95 95 40 17
89 89 41 22
99 99 27 12
95 95 39 16
91 91 38 22
110 110 34 0
89 89 48 21
112 112 37 4
91 91 42 22
111 111 37 5
105 105 29 13
81 81 40 33
79 79 39 34
111 111 32 4
101 101 34 17
107 107 30 8
85 85 40 31
113 113 31 2
101 101 38 12
115 115 36 0
111 111 38 6
79 79 51 38
94 94 57 24
107 107 42 11
95 95 46 22
72 72 40 44
81 81 42 34
89 89 39 23
83 83 46 30
63 63 54 45
77 77 44 39
102 102 38 15
86 86 40 30
81 81 42 34
88 88 40 26
75 75 38 39
101 101 28 11
85 85 35 27
77 77 36 37
90 90 38 25
89 89 33 20
79 79 39 15
81 81 41 17
79 79 39 17
77 77 36 22
89 89 40 19
81 81 43 26
91 91 44 14
75 75 53 30
101 101 43 3
64 64 70 46
65 65 75 49
89 89 60 17
100 100 44 7
70 70 64 43
77 77 49 28
85 85 41 30
68 68 50 46
77 77 47 30
63 63 51 44
77 77 49 35
83 83 47 26
87 87 41 22
97 97 35 19
91 91 42 24
75 75 63 40
81 81 54 34
79 79 58 34
77 77 46 35
85 85 39 28
85 85 52 28
93 93 45 17
67 67 62 34
81 81 52 26
83 83 53 26
101 101 37 0
99 99 31 0
95 95 39 8
109 109 27 2
104 104 29 3
91 91 44 3
102 102 34 0
91 91 40 9
89 89 49 8
87 87 44 10
93 93 39 12
91 91 48 15
104 104 39 1
105 105 42 8
103 103 42 5
85 85 54 15
89 89 42 7
89 89 35 16
83 83 41 21
83 83 42 16
89 89 45 14
97 97 39 10
95 95 47 13
83 83 50 18
87 87 51 24
92 92 43 11
106 106 37 9
97 97 39 9
90 90 39 14
111 111 28 6
93 93 38 7
91 91 46 5
101 101 43 2
100 100 37 4
95 95 40 4
94 94 42 16
89 89 44 19
93 93 41 17
101 101 37 14
109 109 35 6
91 91 48 22
105 105 34 8
95 95 35 9
99 99 24 13
97 97 31 8
89 89 39 16
89 89 40 15
90 90 46 12
91 91 40 13
91 91 38 15
93 93 33 14
71 71 54 42
87 87 37 28
112 112 29 5
77 77 45 37
91 91 30 16
94 94 26 16
87 87 26 17
98 98 28 7
111 111 23 4
86 86 40 21
98 98 38 9
77 77 47 27
75 75 44 22
82 82 42 21
78 78 38 17
98 98 35 3
77 77 42 12
94 94 33 5
82 82 34 7
69 69 43 22
77 77 35 17
68 68 43 19
92 92 28 14
73 73 25 25
86 86 42 14
81 81 40 18
81 81 41 19
69 69 42 30
65 65 44 33
77 77 45 20
93 93 37 16
68 68 48 32
64 64 51 33
84 84 38 20
95 95 45 15
97 97 52 15
84 84 61 30
87 87 48 26
101 101 43 12
97 97 36 2
106 106 41 0
77 77 45 21
73 73 50 22
80 80 49 14
85 85 48 13
70 70 57 21
95 95 48 7
74 74 55 24
67 67 48 35
77 77 52 32
119 119 29 0
83 83 49 15
69 69 51 41
69 69 51 36
85 85 43 20
97 97 43 14
77 77 54 29
91 91 45 15
65 65 53 36
87 87 52 14
111 111 42 2
65 65 62 34
55 55 69 44
89 89 51 20
86 86 52 14
103 103 49 8
71 71 57 35
69 69 58 41
82 82 50 19
87 87 45 13
77 77 51 24
103 103 39 7
99 99 48 9
103 103 39 5
