164 164 87 6
180 180 77 0
181 181 68 6
202 202 64 0
165 165 69 14
136 136 93 28
205 205 20 2
140 140 86 18
104 104 15 71
131 131 41 46
135 135 93 53
149 149 23 45
94 94 31 80
113 113 20 71
163 163 86 13
179 179 85 44
204 204 27 21
195 195 57 6
165 165 96 45
161 161 97 78
147 147 112 39
166 166 125 24
113 113 125 81
151 151 112 24
156 156 0 28
190 190 85 14
238 238 51 0
170 170 56 46
192 192 89 18
208 208 82 8
147 147 76 78
150 150 72 70
153 153 2 66
153 153 8 85
169 169 29 40
184 184 39 0
169 169 11 10
182 182 56 3
194 194 16 6
143 143 23 1
214 214 44 0
210 210 56 4
194 194 47 9
172 172 43 28
152 152 78 38
112 112 111 83
139 139 146 83
108 108 0 92
138 138 105 66
189 189 89 50
186 186 59 16
157 157 85 26
122 122 108 66
140 140 89 54
180 180 68 30
200 200 61 2
146 146 122 70
174 174 87 64
106 106 111 93
148 148 92 71
160 160 81 55
138 138 107 76
164 164 87 54
130 130 123 57
150 150 104 46
172 172 129 41
142 142 128 94
171 171 110 45
207 207 91 32
156 156 117 72
114 114 83 42
120 120 92 50
107 107 99 40
102 102 106 45
102 102 106 43
