117 117 41 0
117 117 28 0
93 93 37 24
109 109 34 0
108 108 34 10
109 109 49 7
106 106 52 8
98 98 54 19
117 117 42 0
114 114 44 0
105 105 32 0
89 89 46 25
89 89 40 27
117 117 24 0
84 84 49 32
116 116 33 0
119 119 30 0
116 116 41 2
113 113 30 5
103 103 32 15
94 94 51 25
103 103 46 16
101 101 46 18
105 105 41 14
85 85 58 33
91 91 40 23
84 84 48 31
71 71 54 46
97 97 42 11
83 83 52 27
83 83 66 35
117 117 36 0
79 79 60 38
105 105 47 12
84 84 53 26
77 77 44 31
109 109 35 0
78 78 60 32
85 85 51 25
87 87 58 18
69 69 60 39
108 108 42 0
75 75 50 31
65 65 54 38
91 91 41 12
105 105 37 5
99 99 44 3
89 89 61 7
85 85 59 23
77 77 66 28
81 81 53 16
87 87 58 11
71 71 69 33
69 69 65 37
78 78 57 24
69 69 62 38
65 65 65 41
85 85 50 15
103 103 36 8
77 77 49 32
93 93 42 14
102 102 43 0
87 87 52 21
71 71 61 33
72 72 64 29
80 80 62 29
76 76 66 29
97 97 51 15
67 67 65 45
67 67 63 49
95 95 41 14
76 76 51 25
61 61 56 35
64 64 58 39
65 65 60 46
97 97 38 0
99 99 27 0
97 97 34 0
95 95 44 0
100 100 29 0
91 91 43 0
87 87 40 0
83 83 38 4
81 81 44 3
91 91 29 0
97 97 37 2
103 103 37 0
93 93 38 0
91 91 40 0
101 101 42 5
85 85 54 9
84 84 45 9
89 89 38 0
75 75 50 11
83 83 43 8
89 89 39 6
101 101 35 0
91 91 36 4
98 98 45 0
103 103 34 0
103 103 28 0
82 82 35 5
102 102 36 0
101 101 36 0
89 89 44 13
101 101 29 1
97 97 34 0
93 93 46 0
101 101 49 0
101 101 41 0
97 97 44 0
105 105 37 0
105 105 38 8
99 99 31 6
100 100 33 2
103 103 37 0
105 105 36 0
95 95 45 10
97 97 42 8
85 85 48 19
93 93 33 0
83 83 43 10
91 91 39 14
104 104 36 2
101 101 44 2
99 99 29 3
69 69 40 40
91 91 33 12
89 89 35 8
70 70 47 31
77 77 46 21
83 83 40 15
83 83 41 18
73 73 44 26
101 101 38 7
77 77 42 19
97 97 39 7
63 63 75 29
91 91 37 12
79 79 59 26
71 71 43 17
69 69 42 19
87 87 32 5
57 57 48 32
81 81 37 13
77 77 43 16
81 81 34 12
67 67 42 21
91 91 33 9
75 75 40 24
85 85 40 9
75 75 43 18
81 81 50 20
74 74 46 19
71 71 45 24
80 80 41 20
75 75 42 21
86 86 42 21
78 78 38 20
87 87 45 12
75 75 69 38
71 71 58 31
105 105 34 2
63 63 63 39
77 77 59 36
81 81 45 15
115 115 36 0
81 81 43 13
69 69 45 20
59 59 56 33
73 73 42 22
63 63 50 34
72 72 49 30
73 73 42 24
71 71 51 22
77 77 47 22
63 63 58 48
82 82 44 25
115 115 32 0
65 65 62 53
71 71 52 22
105 105 32 0
63 63 48 29
51 51 50 55
77 77 38 8
87 87 49 5
103 103 53 0
67 67 55 34
91 91 27 2
61 61 50 42
81 81 50 21
103 103 32 4
68 68 50 34
55 55 59 57
79 79 43 18
77 77 50 18
71 71 52 34
97 97 28 0
105 105 33 0
97 97 38 7
