112 112 35 6
114 114 35 4
106 106 47 12
106 106 41 10
104 104 45 14
100 100 37 12
84 84 54 30
106 106 38 10
80 80 52 30
106 106 37 8
102 102 51 16
86 86 58 30
86 86 53 32
88 88 49 30
102 102 45 16
92 92 59 26
78 78 63 40
108 108 39 10
92 92 63 25
98 98 53 19
108 108 36 9
98 98 38 18
112 112 32 3
112 112 36 5
106 106 36 11
86 86 48 31
70 70 54 47
84 84 49 31
112 112 35 4
74 74 59 41
98 98 60 16
98 98 47 14
118 118 40 0
118 118 41 0
114 114 43 2
74 74 55 42
84 84 52 29
74 74 58 41
74 74 50 39
98 98 50 17
100 100 38 15
74 74 56 35
88 88 52 20
84 84 56 26
104 104 46 1
82 82 47 30
104 104 45 12
80 80 56 26
74 74 52 33
104 104 45 6
89 89 42 22
82 82 57 31
88 88 54 18
61 61 67 49
67 67 61 45
79 79 55 37
82 82 49 25
78 78 65 37
68 68 69 43
82 82 55 29
86 86 58 30
72 72 66 39
82 82 62 27
80 80 56 35
82 82 47 33
92 92 41 20
96 96 33 18
86 86 33 26
96 96 25 16
78 78 39 34
76 76 68 37
78 78 65 32
80 80 60 24
88 88 64 26
96 96 58 14
116 116 38 0
110 110 44 8
104 104 50 0
112 112 41 3
114 114 39 3
94 94 50 13
104 104 52 12
104 104 49 4
98 98 49 6
96 96 45 10
108 108 43 10
102 102 48 11
98 98 53 6
94 94 53 12
96 96 53 8
98 98 49 16
92 92 49 16
96 96 49 13
90 90 51 12
104 104 45 0
86 86 51 6
90 90 47 10
88 88 47 16
100 100 45 6
100 100 45 7
112 112 37 3
100 100 41 15
112 112 45 0
112 112 33 4
112 112 42 4
112 112 40 3
112 112 36 3
112 112 36 3
112 112 37 3
112 112 33 3
106 106 38 7
100 100 36 2
108 108 40 8
112 112 32 2
112 112 31 3
106 106 37 3
100 100 39 11
96 96 37 19
102 102 33 13
96 96 39 11
108 108 31 7
102 102 35 9
102 102 33 9
110 110 29 1
94 94 41 9
106 106 36 7
80 80 49 28
100 100 30 10
72 72 44 40
90 90 45 20
96 96 23 8
94 94 33 13
98 98 31 14
88 88 35 21
98 98 28 10
96 96 39 12
74 74 52 23
74 74 51 27
102 102 33 6
72 72 51 25
94 94 44 6
80 80 43 15
104 104 35 3
82 82 41 15
102 102 31 7
82 82 43 16
100 100 35 12
56 56 53 34
78 78 38 24
64 64 53 26
88 88 37 11
112 112 37 0
78 78 49 26
78 78 47 34
94 94 43 22
82 82 43 8
94 94 41 11
77 77 53 27
66 66 57 25
86 86 51 13
106 106 43 9
98 98 41 16
112 112 41 2
82 82 51 30
84 84 51 26
98 98 40 8
88 88 46 16
80 80 50 17
62 62 56 47
92 92 41 7
90 90 47 18
118 118 41 0
56 56 51 60
62 62 55 45
74 74 51 30
86 86 62 27
74 74 66 30
92 92 52 18
114 114 44 0
82 82 58 26
92 92 54 12
102 102 45 6
66 66 55 27
51 51 59 48
74 74 57 14
108 108 51 10
86 86 65 29
100 100 43 13
68 68 60 37
60 60 66 49
92 92 45 14
86 86 43 14
62 62 55 32
70 70 53 28
62 62 61 40
96 96 43 16
118 118 35 0
78 78 44 22
96 96 41 16
104 104 45 10
