150 150 109 19
135 135 110 75
99 99 56 54
97 97 29 42
130 130 0 28
140 140 102 37
123 123 7 57
154 154 4 28
220 220 0 0
223 223 45 13
161 161 92 57
101 101 136 100
152 152 128 65
164 164 104 40
180 180 93 29
190 190 120 46
121 121 106 116
143 143 121 91
169 169 108 70
186 186 66 52
167 167 131 32
133 133 147 50
119 119 141 62
144 144 0 34
166 166 0 11
176 176 142 42
157 157 160 74
132 132 0 87
169 169 151 40
149 149 124 63
181 181 35 41
162 162 98 78
156 156 100 83
139 139 125 99
127 127 47 100
153 153 51 32
177 177 66 31
157 157 6 69
215 215 41 19
188 188 76 50
189 189 63 39
160 160 25 80
176 176 71 52
180 180 97 34
142 142 117 98
168 168 115 70
158 158 97 80
157 157 134 74
184 184 135 55
174 174 126 60
184 184 117 24
134 134 138 54
167 167 152 63
205 205 115 22
148 148 147 88
168 168 118 44
118 118 138 79
176 176 124 61
97 97 122 89
93 93 129 85
152 152 113 35
155 155 99 43
193 193 94 15
236 236 81 3
164 164 94 37
136 136 115 71
164 164 120 64
181 181 114 49
148 148 151 66
136 136 156 82
137 137 83 44
127 127 124 34
97 97 91 33
111 111 78 38
126 126 121 21
