153 153 100 22
89 89 28 22
133 133 37 11
127 127 4 22
155 155 35 38
151 151 1 12
175 175 1 1
171 171 1 1
161 161 0 46
163 163 0 12
131 131 121 37
145 145 173 13
101 101 39 46
139 139 166 6
110 110 59 33
177 177 2 61
219 219 15 19
209 209 34 0
197 197 57 32
213 213 25 17
185 185 69 0
165 165 55 70
138 138 5 64
146 146 109 69
166 166 105 46
177 177 113 0
138 138 0 33
122 122 0 42
139 139 1 37
137 137 128 33
239 239 2 0
187 187 32 0
174 174 6 0
185 185 51 9
168 168 104 5
170 170 88 20
172 172 142 38
180 180 0 51
196 196 104 35
197 197 46 22
153 153 167 52
133 133 1 54
129 129 136 61
161 161 143 30
214 214 69 15
162 162 101 33
235 235 67 1
110 110 171 23
150 150 154 13
133 133 135 45
151 151 148 45
123 123 162 75
111 111 201 88
99 99 35 46
111 111 14 32
170 170 66 44
123 123 96 52
115 115 0 13
135 135 20 37
137 137 93 50
168 168 145 50
151 151 157 77
131 131 165 81
144 144 176 92
127 127 52 98
154 154 102 61
87 87 55 47
90 90 70 45
154 154 83 29
169 169 85 9
77 77 69 45
85 85 96 62
107 107 111 44
109 109 123 39
156 156 135 10
