97 97 31 12
101 101 25 9
115 115 19 0
107 107 24 0
84 84 38 22
111 111 28 2
81 81 62 30
95 95 51 17
77 77 44 28
99 99 32 9
101 101 26 12
107 107 24 3
93 93 28 19
91 91 32 18
77 77 50 33
97 97 46 17
113 113 26 5
73 73 51 41
95 95 39 19
105 105 35 11
97 97 32 16
81 81 42 33
87 87 34 20
111 111 31 2
83 83 47 26
71 71 48 43
89 89 34 24
69 69 52 43
87 87 42 24
101 101 35 13
94 94 35 13
98 98 38 8
77 77 50 29
91 91 38 11
85 85 44 22
65 65 52 42
99 99 28 6
73 73 44 37
69 69 50 39
84 84 38 22
97 97 26 16
77 77 45 26
103 103 27 2
89 89 34 14
77 77 44 24
73 73 42 33
97 97 28 9
77 77 49 30
77 77 53 28
69 69 56 37
95 95 38 11
81 81 49 22
87 87 40 22
94 94 49 18
83 83 67 32
65 65 53 47
91 91 37 15
83 83 48 26
67 67 52 38
71 71 52 41
77 77 47 37
77 77 53 33
83 83 49 33
79 79 53 30
83 83 53 26
81 81 41 33
97 97 35 19
81 81 39 29
77 77 49 32
79 79 47 30
73 73 61 41
71 71 62 39
67 67 63 43
58 58 67 49
52 52 65 50
116 116 15 0
111 111 20 4
111 111 26 0
105 105 30 4
107 107 19 5
99 99 23 7
81 81 45 1
83 83 37 7
95 95 21 5
93 93 19 7
95 95 28 4
89 89 32 9
89 89 32 9
93 93 27 11
89 89 30 7
103 103 29 1
101 101 27 5
93 93 31 9
99 99 30 5
89 89 30 13
95 95 27 5
97 97 19 4
89 89 32 9
95 95 21 7
95 95 25 4
89 89 32 13
87 87 36 11
111 111 32 2
111 111 29 0
99 99 30 5
97 97 18 3
97 97 20 3
95 95 22 5
99 99 20 2
103 103 20 0
101 101 22 2
101 101 24 0
95 95 26 7
97 97 22 5
87 87 24 11
99 99 24 0
97 97 18 5
93 93 28 1
85 85 28 10
85 85 30 11
96 96 23 7
84 84 27 14
95 95 21 10
99 99 16 13
97 97 28 9
85 85 33 17
65 65 45 43
101 101 29 4
67 67 45 38
75 75 42 19
93 93 25 20
79 79 31 11
99 99 10 0
91 91 34 2
89 89 23 2
97 97 27 10
79 79 38 17
105 105 20 0
77 77 38 17
89 89 31 19
73 73 37 19
61 61 47 36
79 79 37 19
73 73 41 19
77 77 35 12
67 67 41 23
89 89 27 13
71 71 41 18
89 89 30 11
63 63 38 31
99 99 24 5
77 77 37 15
69 69 37 30
91 91 25 7
79 79 32 17
103 103 29 4
93 93 27 8
77 77 31 20
97 97 21 6
87 87 31 12
95 95 39 7
105 105 22 1
69 69 55 45
77 77 49 30
93 93 34 14
93 93 34 6
81 81 38 17
77 77 38 23
93 93 32 9
77 77 38 32
87 87 34 10
65 65 42 24
61 61 44 34
77 77 42 13
97 97 21 8
97 97 38 7
77 77 52 33
71 71 72 36
99 99 41 0
101 101 45 7
105 105 27 1
103 103 25 1
83 83 46 19
103 103 29 1
97 97 30 9
85 85 32 19
65 65 61 45
109 109 26 4
71 71 48 41
69 69 61 45
89 89 43 15
69 69 55 36
63 63 59 50
83 83 45 19
103 103 36 2
81 81 37 20
107 107 23 0
73 73 43 41
83 83 52 23
85 85 53 15
