77 77 35 22
89 89 36 20
87 87 55 27
73 73 58 32
87 87 39 20
82 82 53 31
59 59 83 49
59 59 62 51
73 73 78 37
73 73 63 37
71 71 55 45
73 73 58 35
77 77 43 26
77 77 54 37
97 97 42 14
85 85 30 22
67 67 58 46
79 79 44 33
79 79 48 31
71 71 52 39
91 91 38 18
67 67 46 46
65 65 58 44
83 83 42 26
91 91 43 14
55 55 51 51
69 69 54 41
79 79 42 26
93 93 25 11
73 73 56 37
63 63 58 42
77 77 52 35
95 95 31 20
77 77 46 41
57 57 66 57
78 78 41 28
63 63 52 43
63 63 50 47
51 51 58 59
71 71 47 34
74 74 48 34
52 52 70 57
90 90 39 13
62 62 57 47
78 78 47 27
57 57 66 45
61 61 64 42
68 68 52 38
72 72 48 34
85 85 45 21
59 59 63 55
77 77 41 35
56 56 72 56
79 79 42 24
79 79 45 22
58 58 61 52
70 70 55 46
77 77 57 37
77 77 55 32
69 69 63 46
61 61 67 52
79 79 48 30
60 60 50 50
83 83 42 28
59 59 66 56
53 53 74 56
71 71 58 30
56 56 77 54
58 58 81 52
77 77 57 30
57 57 56 54
60 60 64 41
61 61 47 45
52 52 60 61
55 55 56 47
77 77 41 8
79 79 42 4
75 75 43 13
77 77 44 4
84 84 34 3
67 67 50 15
61 61 55 18
63 63 54 14
79 79 41 4
75 75 46 12
75 75 40 11
70 70 50 17
89 89 37 4
90 90 39 9
85 85 45 16
77 77 38 23
77 77 33 27
87 87 34 10
77 77 39 26
70 70 57 20
77 77 41 9
71 71 48 19
77 77 41 19
73 73 36 17
77 77 39 15
79 79 41 13
81 81 42 8
91 91 35 2
87 87 39 13
85 85 48 13
81 81 51 16
89 89 47 9
91 91 48 9
91 91 38 10
93 93 42 8
83 83 40 6
86 86 38 10
81 81 41 8
68 68 50 19
82 82 37 16
77 77 37 16
79 79 33 19
81 81 38 24
87 87 35 7
85 85 37 17
87 87 37 11
84 84 40 12
83 83 42 17
80 80 50 20
79 79 53 22
71 71 39 23
55 55 49 39
95 95 27 5
45 45 53 55
88 88 35 13
73 73 30 21
80 80 33 23
95 95 35 17
59 59 46 36
59 59 42 30
76 76 33 18
53 53 55 28
79 79 43 8
57 57 48 32
77 77 34 11
54 54 52 42
66 66 53 20
56 56 57 36
51 51 62 42
69 69 44 13
67 67 34 27
46 46 49 37
55 55 45 32
73 73 33 25
49 49 53 37
73 73 41 27
58 58 41 43
69 69 42 39
51 51 52 52
75 75 33 30
70 70 40 27
77 77 39 22
67 67 47 30
56 56 51 37
77 77 39 30
65 65 49 33
96 96 31 12
45 45 68 63
43 43 68 65
86 86 37 14
75 75 42 18
108 108 23 0
59 59 46 29
50 50 42 48
73 73 38 23
59 59 46 31
62 62 46 37
71 71 38 25
93 93 28 5
60 60 47 30
56 56 64 43
77 77 37 22
57 57 57 48
51 51 59 48
68 68 51 29
69 69 43 28
101 101 33 4
63 63 47 30
47 47 58 52
69 69 43 19
65 65 62 32
97 97 45 8
55 55 56 42
89 89 42 18
67 67 41 25
77 77 48 19
54 54 55 41
77 77 44 17
51 51 48 37
50 50 55 48
79 79 46 10
60 60 48 28
55 55 49 37
87 87 36 3
103 103 25 0
