97 97 84 78
76 76 21 56
78 78 128 76
94 94 105 78
116 116 91 73
108 108 106 39
125 125 87 53
111 111 182 48
77 77 12 83
113 113 95 69
114 114 130 56
115 115 97 68
162 162 85 24
104 104 128 77
82 82 15 70
140 140 47 88
133 133 83 78
101 101 0 26
77 77 1 25
143 143 60 38
123 123 77 57
149 149 53 41
119 119 175 95
128 128 165 68
126 126 155 83
115 115 145 61
129 129 116 72
130 130 102 83
119 119 157 63
147 147 86 92
84 84 133 82
106 106 82 97
81 81 14 127
84 84 18 134
115 115 117 116
125 125 58 0
150 150 65 31
128 128 57 34
124 124 77 59
108 108 89 71
92 92 125 77
78 78 106 96
111 111 72 79
77 77 96 156
92 92 92 129
115 115 140 37
78 78 150 123
79 79 18 87
110 110 143 90
87 87 200 110
132 132 101 70
133 133 151 85
134 134 74 81
142 142 85 72
141 141 85 72
115 115 142 71
106 106 126 119
106 106 135 101
88 88 136 123
115 115 124 117
115 115 146 84
71 71 161 94
72 72 142 119
75 75 26 87
88 88 118 87
115 115 128 109
107 107 166 95
118 118 127 93
82 82 163 110
92 92 137 83
110 110 108 46
77 77 130 70
77 77 111 81
49 49 83 72
76 76 98 50
