85 85 61 34
119 119 20 0
87 87 46 27
105 105 25 0
85 85 55 32
119 119 22 0
109 109 26 9
85 85 49 32
97 97 39 17
107 107 30 11
89 89 37 27
102 102 28 16
87 87 43 24
105 105 29 12
81 81 50 35
101 101 31 14
79 79 45 36
69 69 62 44
69 69 63 46
95 95 39 19
75 75 61 34
105 105 30 0
75 75 71 40
71 71 54 37
97 97 45 18
99 99 36 15
89 89 43 24
66 66 63 47
99 99 30 16
68 68 64 44
99 99 30 18
103 103 27 16
95 95 33 21
105 105 36 12
94 94 43 23
109 109 29 0
89 89 41 24
95 95 29 17
95 95 31 18
67 67 54 41
77 77 36 33
75 75 45 24
93 93 26 2
89 89 31 14
63 63 50 36
73 73 58 43
73 73 49 42
107 107 25 10
85 85 36 26
95 95 26 15
76 76 37 42
99 99 13 17
79 79 44 36
110 110 22 8
91 91 39 25
82 82 35 30
73 73 51 46
84 84 44 35
86 86 42 31
71 71 46 46
99 99 27 15
65 65 53 49
85 85 33 28
75 75 45 41
85 85 30 27
71 71 50 38
74 74 54 42
79 79 45 39
62 62 54 50
93 93 31 18
73 73 50 31
95 95 22 18
74 74 43 37
71 71 50 34
71 71 53 33
99 99 24 0
95 95 30 0
95 95 31 9
87 87 33 3
95 95 25 0
95 95 32 0
97 97 29 0
97 97 30 0
97 97 25 4
89 89 33 0
91 91 36 0
93 93 32 0
87 87 31 5
95 95 25 0
103 103 24 0
89 89 28 0
89 89 20 0
89 89 26 0
93 93 31 0
95 95 30 0
91 91 29 0
100 100 26 1
97 97 28 2
93 93 29 0
93 93 29 5
99 99 23 1
101 101 23 0
101 101 22 0
103 103 11 6
102 102 16 4
109 109 20 0
113 113 18 0
103 103 31 0
111 111 18 0
107 107 21 0
99 99 36 0
97 97 32 0
95 95 33 0
109 109 19 0
101 101 32 0
101 101 27 0
104 104 21 0
103 103 17 7
107 107 12 0
103 103 25 0
97 97 22 0
95 95 27 8
103 103 20 3
113 113 16 0
107 107 22 1
85 85 28 30
114 114 15 0
63 63 43 50
111 111 19 0
67 67 43 41
97 97 14 0
93 93 21 8
82 82 29 9
93 93 31 7
79 79 41 28
103 103 23 0
85 85 32 12
63 63 61 32
90 90 23 11
83 83 34 20
91 91 28 10
73 73 41 26
73 73 47 32
75 75 34 21
75 75 37 20
93 93 26 8
95 95 26 11
71 71 40 21
65 65 37 22
67 67 38 32
85 85 31 22
85 85 27 34
94 94 16 13
105 105 11 7
91 91 17 15
87 87 29 18
105 105 16 6
80 80 25 24
101 101 15 6
99 99 22 11
87 87 41 25
95 95 28 22
69 69 56 48
99 99 22 7
103 103 23 10
103 103 18 5
83 83 29 17
107 107 18 0
71 71 43 31
65 65 42 23
97 97 23 1
63 63 39 27
87 87 27 8
109 109 12 2
97 97 21 11
85 85 38 22
93 93 35 24
115 115 16 0
77 77 45 27
95 95 27 16
87 87 28 19
83 83 35 25
73 73 37 30
75 75 33 37
105 105 20 5
87 87 36 29
119 119 26 0
63 63 54 50
67 67 52 46
119 119 17 0
103 103 22 6
117 117 18 3
75 75 37 28
62 62 54 50
87 87 27 15
103 103 23 0
110 110 16 0
89 89 28 24
79 79 36 32
101 101 21 3
