114 114 115 83
129 129 57 55
128 128 80 74
95 95 54 64
131 131 42 63
140 140 149 24
173 173 122 10
157 157 89 34
133 133 38 44
198 198 41 36
127 127 79 57
159 159 104 68
154 154 90 56
182 182 26 49
219 219 11 21
178 178 20 11
100 100 5 136
126 126 144 114
98 98 0 68
158 158 47 82
166 166 118 40
161 161 94 58
138 138 112 69
118 118 81 65
154 154 114 59
143 143 136 64
221 221 71 0
170 170 30 58
172 172 88 67
226 226 48 1
117 117 80 76
94 94 14 118
137 137 130 76
96 96 143 114
99 99 44 123
155 155 60 66
178 178 25 51
179 179 35 30
144 144 41 93
166 166 53 64
130 130 114 91
104 104 103 121
133 133 103 78
131 131 94 85
169 169 70 53
168 168 110 62
140 140 126 62
140 140 153 69
180 180 57 59
146 146 97 91
203 203 77 29
201 201 51 34
155 155 81 85
221 221 50 18
240 240 72 0
133 133 124 91
150 150 114 90
154 154 109 80
185 185 80 55
240 240 25 0
146 146 116 70
192 192 68 44
126 126 102 86
173 173 84 66
104 104 42 94
196 196 75 44
176 176 98 64
224 224 42 16
170 170 97 70
191 191 66 40
135 135 52 18
112 112 83 53
177 177 60 25
115 115 76 45
108 108 85 47
